********************** I n p u t  P a r a m e t e r s *********************
Regression Section
Regression start
//Component Type; Stiffening;  FOSY;   FOSU;  FOSlB;  FOSgB;    msf
          struts;     1;      1.250;  1.250;  1.500;  1.310;  1.200
//Geometry (R,L,Dim3-5)
    15.00;    70.00; 6
   320.00;   764.00; 2
   156.00;   780.00; 4
     0.00;     0.00; 1
     0.00
//LC1: max. Pressure (strength)
  0.000;  0.000; 1;      0.0;    500.0; 2
//LC2: min. Pressure and max. compression flux (buckling)
  0.000;  0.000; 1;  -2000.0;      0.0; 5
Regression end

Material Section
Material start
//Mat;   Rp02;       Rm;       E;       G;     nu;        dens
  1;   625.00;   625.00;   62500;   23674;   0.32;  1.7000e-006
  2;     0.00;     0.00;      80;      30;   0.36;  8.3000e-008
Material end

***********************************************************************************************
//   Type; Stiff;   R[mm];     L[mm];         Dim3-5[mm]/[-];   p1[MPa]; Flux1[N/mm];  p2[MPa]; Flux2[N/mm]; Mass[kg];    Vol[mm^3]; Results FLAG
   struts;   1;    15.000;   320.000;   156.000;  0.00;   0.00;   0.000;        0.0;    0.000;    -2000.0;        7.6;  0.0000e+000;     0
   struts;   1;    26.000;   320.000;   156.000;  0.00;   0.00;   0.000;        0.0;    0.000;    -2000.0;       10.6;  0.0000e+000;     0
   struts;   1;    37.000;   320.000;   156.000;  0.00;   0.00;   0.000;        0.0;    0.000;    -2000.0;       15.5;  0.0000e+000;     0
   struts;   1;    48.000;   320.000;   156.000;  0.00;   0.00;   0.000;        0.0;    0.000;    -2000.0;       24.6;  0.0000e+000;     0
   struts;   1;    59.000;   320.000;   156.000;  0.00;   0.00;   0.000;        0.0;    0.000;    -2000.0;       44.6;  0.0000e+000;     0
   struts;   1;    70.000;   320.000;   156.000;  0.00;   0.00;   0.000;        0.0;    0.000;    -2000.0;      106.4;  0.0000e+000;     0
   struts;   1;    15.000;   764.000;   156.000;  0.00;   0.00;   0.000;        0.0;    0.000;    -2000.0;       25.1;  0.0000e+000;     0
   struts;   1;    26.000;   764.000;   156.000;  0.00;   0.00;   0.000;        0.0;    0.000;    -2000.0;       32.6;  0.0000e+000;     0
   struts;   1;    37.000;   764.000;   156.000;  0.00;   0.00;   0.000;        0.0;    0.000;    -2000.0;       46.2;  0.0000e+000;     0
   struts;   1;    48.000;   764.000;   156.000;  0.00;   0.00;   0.000;        0.0;    0.000;    -2000.0;       72.9;  0.0000e+000;     0
   struts;   1;    59.000;   764.000;   156.000;  0.00;   0.00;   0.000;        0.0;    0.000;    -2000.0;      134.9;  0.0000e+000;     0
   struts;   1;    70.000;   764.000;   156.000;  0.00;   0.00;   0.000;        0.0;    0.000;    -2000.0;      336.8;  0.0000e+000;     0
   struts;   1;    15.000;   320.000;   364.000;  0.00;   0.00;   0.000;        0.0;    0.000;    -2000.0;       18.7;  0.0000e+000;     0
   struts;   1;    26.000;   320.000;   364.000;  0.00;   0.00;   0.000;        0.0;    0.000;    -2000.0;       23.9;  0.0000e+000;     0
   struts;   1;    37.000;   320.000;   364.000;  0.00;   0.00;   0.000;        0.0;    0.000;    -2000.0;       37.5;  0.0000e+000;     0
   struts;   1;    48.000;   320.000;   364.000;  0.00;   0.00;   0.000;        0.0;    0.000;    -2000.0;       60.6;  0.0000e+000;     0
   struts;   1;    59.000;   320.000;   364.000;  0.00;   0.00;   0.000;        0.0;    0.000;    -2000.0;      108.4;  0.0000e+000;     0
   struts;   1;    70.000;   320.000;   364.000;  0.00;   0.00;   0.000;        0.0;    0.000;    -2000.0;      248.1;  0.0000e+000;     0
   struts;   1;    15.000;   764.000;   364.000;  0.00;   0.00;   0.000;        0.0;    0.000;    -2000.0;       49.7;  0.0000e+000;     0
   struts;   1;    26.000;   764.000;   364.000;  0.00;   0.00;   0.000;        0.0;    0.000;    -2000.0;       67.7;  0.0000e+000;     0
   struts;   1;    37.000;   764.000;   364.000;  0.00;   0.00;   0.000;        0.0;    0.000;    -2000.0;       98.4;  0.0000e+000;     0
   struts;   1;    48.000;   764.000;   364.000;  0.00;   0.00;   0.000;        0.0;    0.000;    -2000.0;      156.1;  0.0000e+000;     0
   struts;   1;    59.000;   764.000;   364.000;  0.00;   0.00;   0.000;        0.0;    0.000;    -2000.0;      285.6;  0.0000e+000;     0
   struts;   1;    70.000;   764.000;   364.000;  0.00;   0.00;   0.000;        0.0;    0.000;    -2000.0;      693.9;  0.0000e+000;     0
   struts;   1;    15.000;   320.000;   572.000;  0.00;   0.00;   0.000;        0.0;    0.000;    -2000.0;       34.8;  0.0000e+000;     0
   struts;   1;    26.000;   320.000;   572.000;  0.00;   0.00;   0.000;        0.0;    0.000;    -2000.0;       47.6;  0.0000e+000;     0
   struts;   1;    37.000;   320.000;   572.000;  0.00;   0.00;   0.000;        0.0;    0.000;    -2000.0;       61.3;  0.0000e+000;     0
   struts;   1;    48.000;   320.000;   572.000;  0.00;   0.00;   0.000;        0.0;    0.000;    -2000.0;      103.9;  0.0000e+000;     0
   struts;   1;    59.000;   320.000;   572.000;  0.00;   0.00;   0.000;        0.0;    0.000;    -2000.0;      187.1;  0.0000e+000;     0
   struts;   1;    70.000;   320.000;   572.000;  0.00;   0.00;   0.000;        0.0;    0.000;    -2000.0;      415.3;  0.0000e+000;     0
   struts;   1;    15.000;   764.000;   572.000;  0.00;   0.00;   0.000;        0.0;    0.000;    -2000.0;       79.9;  0.0000e+000;     0
   struts;   1;    26.000;   764.000;   572.000;  0.00;   0.00;   0.000;        0.0;    0.000;    -2000.0;      106.0;  0.0000e+000;     0
   struts;   1;    37.000;   764.000;   572.000;  0.00;   0.00;   0.000;        0.0;    0.000;    -2000.0;      157.5;  0.0000e+000;     0
   struts;   1;    48.000;   764.000;   572.000;  0.00;   0.00;   0.000;        0.0;    0.000;    -2000.0;      250.4;  0.0000e+000;     0
   struts;   1;    59.000;   764.000;   572.000;  0.00;   0.00;   0.000;        0.0;    0.000;    -2000.0;      452.2;  0.0000e+000;     0
   struts;   1;    70.000;   764.000;   572.000;  0.00;   0.00;   0.000;        0.0;    0.000;    -2000.0;     1068.2;  0.0000e+000;     0
   struts;   1;    15.000;   320.000;   780.000;  0.00;   0.00;   0.000;        0.0;    0.000;    -2000.0;       52.8;  0.0000e+000;     0
   struts;   1;    26.000;   320.000;   780.000;  0.00;   0.00;   0.000;        0.0;    0.000;    -2000.0;       80.8;  0.0000e+000;     0
   struts;   1;    37.000;   320.000;   780.000;  0.00;   0.00;   0.000;        0.0;    0.000;    -2000.0;      113.1;  0.0000e+000;     0
   struts;   1;    48.000;   320.000;   780.000;  0.00;   0.00;   0.000;        0.0;    0.000;    -2000.0;      148.9;  0.0000e+000;     0
   struts;   1;    59.000;   320.000;   780.000;  0.00;   0.00;   0.000;        0.0;    0.000;    -2000.0;      276.2;  0.0000e+000;     0
   struts;   1;    70.000;   320.000;   780.000;  0.00;   0.00;   0.000;        0.0;    0.000;    -2000.0;      609.1;  0.0000e+000;     0
   struts;   1;    15.000;   764.000;   780.000;  0.00;   0.00;   0.000;        0.0;    0.000;    -2000.0;      111.3;  0.0000e+000;     0
   struts;   1;    26.000;   764.000;   780.000;  0.00;   0.00;   0.000;        0.0;    0.000;    -2000.0;      147.2;  0.0000e+000;     0
   struts;   1;    37.000;   764.000;   780.000;  0.00;   0.00;   0.000;        0.0;    0.000;    -2000.0;      223.5;  0.0000e+000;     0
   struts;   1;    48.000;   764.000;   780.000;  0.00;   0.00;   0.000;        0.0;    0.000;    -2000.0;      357.0;  0.0000e+000;     0
   struts;   1;    59.000;   764.000;   780.000;  0.00;   0.00;   0.000;        0.0;    0.000;    -2000.0;      638.2;  0.0000e+000;     0
   struts;   1;    70.000;   764.000;   780.000;  0.00;   0.00;   0.000;        0.0;    0.000;    -2000.0;     1472.3;  0.0000e+000;     0
   struts;   1;    15.000;   320.000;   156.000;  0.00;   0.00;   0.000;      500.0;    0.000;    -2000.0;        7.6;  0.0000e+000;     0
   struts;   1;    26.000;   320.000;   156.000;  0.00;   0.00;   0.000;      500.0;    0.000;    -2000.0;       10.6;  0.0000e+000;     0
   struts;   1;    37.000;   320.000;   156.000;  0.00;   0.00;   0.000;      500.0;    0.000;    -2000.0;       15.5;  0.0000e+000;     0
   struts;   1;    48.000;   320.000;   156.000;  0.00;   0.00;   0.000;      500.0;    0.000;    -2000.0;       24.6;  0.0000e+000;     0
   struts;   1;    59.000;   320.000;   156.000;  0.00;   0.00;   0.000;      500.0;    0.000;    -2000.0;       44.6;  0.0000e+000;     0
   struts;   1;    70.000;   320.000;   156.000;  0.00;   0.00;   0.000;      500.0;    0.000;    -2000.0;      106.4;  0.0000e+000;     0
   struts;   1;    15.000;   764.000;   156.000;  0.00;   0.00;   0.000;      500.0;    0.000;    -2000.0;       25.1;  0.0000e+000;     0
   struts;   1;    26.000;   764.000;   156.000;  0.00;   0.00;   0.000;      500.0;    0.000;    -2000.0;       32.6;  0.0000e+000;     0
   struts;   1;    37.000;   764.000;   156.000;  0.00;   0.00;   0.000;      500.0;    0.000;    -2000.0;       46.2;  0.0000e+000;     0
   struts;   1;    48.000;   764.000;   156.000;  0.00;   0.00;   0.000;      500.0;    0.000;    -2000.0;       72.9;  0.0000e+000;     0
   struts;   1;    59.000;   764.000;   156.000;  0.00;   0.00;   0.000;      500.0;    0.000;    -2000.0;      134.9;  0.0000e+000;     0
   struts;   1;    70.000;   764.000;   156.000;  0.00;   0.00;   0.000;      500.0;    0.000;    -2000.0;      336.8;  0.0000e+000;     0
   struts;   1;    15.000;   320.000;   364.000;  0.00;   0.00;   0.000;      500.0;    0.000;    -2000.0;       18.7;  0.0000e+000;     0
   struts;   1;    26.000;   320.000;   364.000;  0.00;   0.00;   0.000;      500.0;    0.000;    -2000.0;       23.9;  0.0000e+000;     0
   struts;   1;    37.000;   320.000;   364.000;  0.00;   0.00;   0.000;      500.0;    0.000;    -2000.0;       37.5;  0.0000e+000;     0
   struts;   1;    48.000;   320.000;   364.000;  0.00;   0.00;   0.000;      500.0;    0.000;    -2000.0;       60.6;  0.0000e+000;     0
   struts;   1;    59.000;   320.000;   364.000;  0.00;   0.00;   0.000;      500.0;    0.000;    -2000.0;      108.4;  0.0000e+000;     0
   struts;   1;    70.000;   320.000;   364.000;  0.00;   0.00;   0.000;      500.0;    0.000;    -2000.0;      248.1;  0.0000e+000;     0
   struts;   1;    15.000;   764.000;   364.000;  0.00;   0.00;   0.000;      500.0;    0.000;    -2000.0;       49.7;  0.0000e+000;     0
   struts;   1;    26.000;   764.000;   364.000;  0.00;   0.00;   0.000;      500.0;    0.000;    -2000.0;       67.7;  0.0000e+000;     0
   struts;   1;    37.000;   764.000;   364.000;  0.00;   0.00;   0.000;      500.0;    0.000;    -2000.0;       98.4;  0.0000e+000;     0
   struts;   1;    48.000;   764.000;   364.000;  0.00;   0.00;   0.000;      500.0;    0.000;    -2000.0;      156.1;  0.0000e+000;     0
   struts;   1;    59.000;   764.000;   364.000;  0.00;   0.00;   0.000;      500.0;    0.000;    -2000.0;      285.6;  0.0000e+000;     0
   struts;   1;    70.000;   764.000;   364.000;  0.00;   0.00;   0.000;      500.0;    0.000;    -2000.0;      693.9;  0.0000e+000;     0
   struts;   1;    15.000;   320.000;   572.000;  0.00;   0.00;   0.000;      500.0;    0.000;    -2000.0;       34.8;  0.0000e+000;     0
   struts;   1;    26.000;   320.000;   572.000;  0.00;   0.00;   0.000;      500.0;    0.000;    -2000.0;       47.6;  0.0000e+000;     0
   struts;   1;    37.000;   320.000;   572.000;  0.00;   0.00;   0.000;      500.0;    0.000;    -2000.0;       61.3;  0.0000e+000;     0
   struts;   1;    48.000;   320.000;   572.000;  0.00;   0.00;   0.000;      500.0;    0.000;    -2000.0;      103.9;  0.0000e+000;     0
   struts;   1;    59.000;   320.000;   572.000;  0.00;   0.00;   0.000;      500.0;    0.000;    -2000.0;      187.1;  0.0000e+000;     0
   struts;   1;    70.000;   320.000;   572.000;  0.00;   0.00;   0.000;      500.0;    0.000;    -2000.0;      415.3;  0.0000e+000;     0
   struts;   1;    15.000;   764.000;   572.000;  0.00;   0.00;   0.000;      500.0;    0.000;    -2000.0;       79.9;  0.0000e+000;     0
   struts;   1;    26.000;   764.000;   572.000;  0.00;   0.00;   0.000;      500.0;    0.000;    -2000.0;      106.0;  0.0000e+000;     0
   struts;   1;    37.000;   764.000;   572.000;  0.00;   0.00;   0.000;      500.0;    0.000;    -2000.0;      157.5;  0.0000e+000;     0
   struts;   1;    48.000;   764.000;   572.000;  0.00;   0.00;   0.000;      500.0;    0.000;    -2000.0;      250.4;  0.0000e+000;     0
   struts;   1;    59.000;   764.000;   572.000;  0.00;   0.00;   0.000;      500.0;    0.000;    -2000.0;      452.2;  0.0000e+000;     0
   struts;   1;    70.000;   764.000;   572.000;  0.00;   0.00;   0.000;      500.0;    0.000;    -2000.0;     1068.2;  0.0000e+000;     0
   struts;   1;    15.000;   320.000;   780.000;  0.00;   0.00;   0.000;      500.0;    0.000;    -2000.0;       52.8;  0.0000e+000;     0
   struts;   1;    26.000;   320.000;   780.000;  0.00;   0.00;   0.000;      500.0;    0.000;    -2000.0;       80.8;  0.0000e+000;     0
   struts;   1;    37.000;   320.000;   780.000;  0.00;   0.00;   0.000;      500.0;    0.000;    -2000.0;      113.1;  0.0000e+000;     0
   struts;   1;    48.000;   320.000;   780.000;  0.00;   0.00;   0.000;      500.0;    0.000;    -2000.0;      148.9;  0.0000e+000;     0
   struts;   1;    59.000;   320.000;   780.000;  0.00;   0.00;   0.000;      500.0;    0.000;    -2000.0;      276.2;  0.0000e+000;     0
   struts;   1;    70.000;   320.000;   780.000;  0.00;   0.00;   0.000;      500.0;    0.000;    -2000.0;      609.1;  0.0000e+000;     0
   struts;   1;    15.000;   764.000;   780.000;  0.00;   0.00;   0.000;      500.0;    0.000;    -2000.0;      111.3;  0.0000e+000;     0
   struts;   1;    26.000;   764.000;   780.000;  0.00;   0.00;   0.000;      500.0;    0.000;    -2000.0;      147.2;  0.0000e+000;     0
   struts;   1;    37.000;   764.000;   780.000;  0.00;   0.00;   0.000;      500.0;    0.000;    -2000.0;      223.5;  0.0000e+000;     0
   struts;   1;    48.000;   764.000;   780.000;  0.00;   0.00;   0.000;      500.0;    0.000;    -2000.0;      357.0;  0.0000e+000;     0
   struts;   1;    59.000;   764.000;   780.000;  0.00;   0.00;   0.000;      500.0;    0.000;    -2000.0;      638.2;  0.0000e+000;     0
   struts;   1;    70.000;   764.000;   780.000;  0.00;   0.00;   0.000;      500.0;    0.000;    -2000.0;     1472.3;  0.0000e+000;     0
   struts;   1;    15.000;   320.000;   156.000;  0.00;   0.00;   0.000;        0.0;    0.000;    -1500.0;        6.6;  0.0000e+000;     0
   struts;   1;    26.000;   320.000;   156.000;  0.00;   0.00;   0.000;        0.0;    0.000;    -1500.0;        9.0;  0.0000e+000;     0
   struts;   1;    37.000;   320.000;   156.000;  0.00;   0.00;   0.000;        0.0;    0.000;    -1500.0;       13.0;  0.0000e+000;     0
   struts;   1;    48.000;   320.000;   156.000;  0.00;   0.00;   0.000;        0.0;    0.000;    -1500.0;       20.2;  0.0000e+000;     0
   struts;   1;    59.000;   320.000;   156.000;  0.00;   0.00;   0.000;        0.0;    0.000;    -1500.0;       36.2;  0.0000e+000;     0
   struts;   1;    70.000;   320.000;   156.000;  0.00;   0.00;   0.000;        0.0;    0.000;    -1500.0;       85.7;  0.0000e+000;     0
   struts;   1;    15.000;   764.000;   156.000;  0.00;   0.00;   0.000;        0.0;    0.000;    -1500.0;       21.0;  0.0000e+000;     0
   struts;   1;    26.000;   764.000;   156.000;  0.00;   0.00;   0.000;        0.0;    0.000;    -1500.0;       27.1;  0.0000e+000;     0
   struts;   1;    37.000;   764.000;   156.000;  0.00;   0.00;   0.000;        0.0;    0.000;    -1500.0;       38.2;  0.0000e+000;     0
   struts;   1;    48.000;   764.000;   156.000;  0.00;   0.00;   0.000;        0.0;    0.000;    -1500.0;       59.7;  0.0000e+000;     0
   struts;   1;    59.000;   764.000;   156.000;  0.00;   0.00;   0.000;        0.0;    0.000;    -1500.0;      109.8;  0.0000e+000;     0
   struts;   1;    70.000;   764.000;   156.000;  0.00;   0.00;   0.000;        0.0;    0.000;    -1500.0;      272.7;  0.0000e+000;     0
   struts;   1;    15.000;   320.000;   364.000;  0.00;   0.00;   0.000;        0.0;    0.000;    -1500.0;       16.0;  0.0000e+000;     0
   struts;   1;    26.000;   320.000;   364.000;  0.00;   0.00;   0.000;        0.0;    0.000;    -1500.0;       20.1;  0.0000e+000;     0
   struts;   1;    37.000;   320.000;   364.000;  0.00;   0.00;   0.000;        0.0;    0.000;    -1500.0;       30.8;  0.0000e+000;     0
   struts;   1;    48.000;   320.000;   364.000;  0.00;   0.00;   0.000;        0.0;    0.000;    -1500.0;       49.3;  0.0000e+000;     0
   struts;   1;    59.000;   320.000;   364.000;  0.00;   0.00;   0.000;        0.0;    0.000;    -1500.0;       87.5;  0.0000e+000;     0
   struts;   1;    70.000;   320.000;   364.000;  0.00;   0.00;   0.000;        0.0;    0.000;    -1500.0;      198.3;  0.0000e+000;     0
   struts;   1;    15.000;   764.000;   364.000;  0.00;   0.00;   0.000;        0.0;    0.000;    -1500.0;       41.7;  0.0000e+000;     0
   struts;   1;    26.000;   764.000;   364.000;  0.00;   0.00;   0.000;        0.0;    0.000;    -1500.0;       56.0;  0.0000e+000;     0
   struts;   1;    37.000;   764.000;   364.000;  0.00;   0.00;   0.000;        0.0;    0.000;    -1500.0;       80.6;  0.0000e+000;     0
   struts;   1;    48.000;   764.000;   364.000;  0.00;   0.00;   0.000;        0.0;    0.000;    -1500.0;      126.7;  0.0000e+000;     0
   struts;   1;    59.000;   764.000;   364.000;  0.00;   0.00;   0.000;        0.0;    0.000;    -1500.0;      230.2;  0.0000e+000;     0
   struts;   1;    70.000;   764.000;   364.000;  0.00;   0.00;   0.000;        0.0;    0.000;    -1500.0;      557.2;  0.0000e+000;     0
   struts;   1;    15.000;   320.000;   572.000;  0.00;   0.00;   0.000;        0.0;    0.000;    -1500.0;       29.5;  0.0000e+000;     0
   struts;   1;    26.000;   320.000;   572.000;  0.00;   0.00;   0.000;        0.0;    0.000;    -1500.0;       39.5;  0.0000e+000;     0
   struts;   1;    37.000;   320.000;   572.000;  0.00;   0.00;   0.000;        0.0;    0.000;    -1500.0;       50.6;  0.0000e+000;     0
   struts;   1;    48.000;   320.000;   572.000;  0.00;   0.00;   0.000;        0.0;    0.000;    -1500.0;       84.0;  0.0000e+000;     0
   struts;   1;    59.000;   320.000;   572.000;  0.00;   0.00;   0.000;        0.0;    0.000;    -1500.0;      149.7;  0.0000e+000;     0
   struts;   1;    70.000;   320.000;   572.000;  0.00;   0.00;   0.000;        0.0;    0.000;    -1500.0;      331.5;  0.0000e+000;     0
   struts;   1;    15.000;   764.000;   572.000;  0.00;   0.00;   0.000;        0.0;    0.000;    -1500.0;       67.1;  0.0000e+000;     0
   struts;   1;    26.000;   764.000;   572.000;  0.00;   0.00;   0.000;        0.0;    0.000;    -1500.0;       88.0;  0.0000e+000;     0
   struts;   1;    37.000;   764.000;   572.000;  0.00;   0.00;   0.000;        0.0;    0.000;    -1500.0;      128.8;  0.0000e+000;     0
   struts;   1;    48.000;   764.000;   572.000;  0.00;   0.00;   0.000;        0.0;    0.000;    -1500.0;      202.7;  0.0000e+000;     0
   struts;   1;    59.000;   764.000;   572.000;  0.00;   0.00;   0.000;        0.0;    0.000;    -1500.0;      363.2;  0.0000e+000;     0
   struts;   1;    70.000;   764.000;   572.000;  0.00;   0.00;   0.000;        0.0;    0.000;    -1500.0;      854.7;  0.0000e+000;     0
   struts;   1;    15.000;   320.000;   780.000;  0.00;   0.00;   0.000;        0.0;    0.000;    -1500.0;       44.8;  0.0000e+000;     0
   struts;   1;    26.000;   320.000;   780.000;  0.00;   0.00;   0.000;        0.0;    0.000;    -1500.0;       66.3;  0.0000e+000;     0
   struts;   1;    37.000;   320.000;   780.000;  0.00;   0.00;   0.000;        0.0;    0.000;    -1500.0;       91.6;  0.0000e+000;     0
   struts;   1;    48.000;   320.000;   780.000;  0.00;   0.00;   0.000;        0.0;    0.000;    -1500.0;      121.1;  0.0000e+000;     0
   struts;   1;    59.000;   320.000;   780.000;  0.00;   0.00;   0.000;        0.0;    0.000;    -1500.0;      220.6;  0.0000e+000;     0
   struts;   1;    70.000;   320.000;   780.000;  0.00;   0.00;   0.000;        0.0;    0.000;    -1500.0;      483.6;  0.0000e+000;     0
   struts;   1;    15.000;   764.000;   780.000;  0.00;   0.00;   0.000;        0.0;    0.000;    -1500.0;       93.7;  0.0000e+000;     0
   struts;   1;    26.000;   764.000;   780.000;  0.00;   0.00;   0.000;        0.0;    0.000;    -1500.0;      123.1;  0.0000e+000;     0
   struts;   1;    37.000;   764.000;   780.000;  0.00;   0.00;   0.000;        0.0;    0.000;    -1500.0;      183.4;  0.0000e+000;     0
   struts;   1;    48.000;   764.000;   780.000;  0.00;   0.00;   0.000;        0.0;    0.000;    -1500.0;      289.0;  0.0000e+000;     0
   struts;   1;    59.000;   764.000;   780.000;  0.00;   0.00;   0.000;        0.0;    0.000;    -1500.0;      512.1;  0.0000e+000;     0
   struts;   1;    70.000;   764.000;   780.000;  0.00;   0.00;   0.000;        0.0;    0.000;    -1500.0;     1175.7;  0.0000e+000;     0
   struts;   1;    15.000;   320.000;   156.000;  0.00;   0.00;   0.000;      500.0;    0.000;    -1500.0;        6.6;  0.0000e+000;     0
   struts;   1;    26.000;   320.000;   156.000;  0.00;   0.00;   0.000;      500.0;    0.000;    -1500.0;        9.0;  0.0000e+000;     0
   struts;   1;    37.000;   320.000;   156.000;  0.00;   0.00;   0.000;      500.0;    0.000;    -1500.0;       13.0;  0.0000e+000;     0
   struts;   1;    48.000;   320.000;   156.000;  0.00;   0.00;   0.000;      500.0;    0.000;    -1500.0;       20.2;  0.0000e+000;     0
   struts;   1;    59.000;   320.000;   156.000;  0.00;   0.00;   0.000;      500.0;    0.000;    -1500.0;       36.2;  0.0000e+000;     0
   struts;   1;    70.000;   320.000;   156.000;  0.00;   0.00;   0.000;      500.0;    0.000;    -1500.0;       85.7;  0.0000e+000;     0
   struts;   1;    15.000;   764.000;   156.000;  0.00;   0.00;   0.000;      500.0;    0.000;    -1500.0;       21.0;  0.0000e+000;     0
   struts;   1;    26.000;   764.000;   156.000;  0.00;   0.00;   0.000;      500.0;    0.000;    -1500.0;       27.1;  0.0000e+000;     0
   struts;   1;    37.000;   764.000;   156.000;  0.00;   0.00;   0.000;      500.0;    0.000;    -1500.0;       38.2;  0.0000e+000;     0
   struts;   1;    48.000;   764.000;   156.000;  0.00;   0.00;   0.000;      500.0;    0.000;    -1500.0;       59.7;  0.0000e+000;     0
   struts;   1;    59.000;   764.000;   156.000;  0.00;   0.00;   0.000;      500.0;    0.000;    -1500.0;      109.8;  0.0000e+000;     0
   struts;   1;    70.000;   764.000;   156.000;  0.00;   0.00;   0.000;      500.0;    0.000;    -1500.0;      272.7;  0.0000e+000;     0
   struts;   1;    15.000;   320.000;   364.000;  0.00;   0.00;   0.000;      500.0;    0.000;    -1500.0;       16.0;  0.0000e+000;     0
   struts;   1;    26.000;   320.000;   364.000;  0.00;   0.00;   0.000;      500.0;    0.000;    -1500.0;       20.1;  0.0000e+000;     0
   struts;   1;    37.000;   320.000;   364.000;  0.00;   0.00;   0.000;      500.0;    0.000;    -1500.0;       30.8;  0.0000e+000;     0
   struts;   1;    48.000;   320.000;   364.000;  0.00;   0.00;   0.000;      500.0;    0.000;    -1500.0;       49.3;  0.0000e+000;     0
   struts;   1;    59.000;   320.000;   364.000;  0.00;   0.00;   0.000;      500.0;    0.000;    -1500.0;       87.5;  0.0000e+000;     0
   struts;   1;    70.000;   320.000;   364.000;  0.00;   0.00;   0.000;      500.0;    0.000;    -1500.0;      198.3;  0.0000e+000;     0
   struts;   1;    15.000;   764.000;   364.000;  0.00;   0.00;   0.000;      500.0;    0.000;    -1500.0;       41.7;  0.0000e+000;     0
   struts;   1;    26.000;   764.000;   364.000;  0.00;   0.00;   0.000;      500.0;    0.000;    -1500.0;       56.0;  0.0000e+000;     0
   struts;   1;    37.000;   764.000;   364.000;  0.00;   0.00;   0.000;      500.0;    0.000;    -1500.0;       80.6;  0.0000e+000;     0
   struts;   1;    48.000;   764.000;   364.000;  0.00;   0.00;   0.000;      500.0;    0.000;    -1500.0;      126.7;  0.0000e+000;     0
   struts;   1;    59.000;   764.000;   364.000;  0.00;   0.00;   0.000;      500.0;    0.000;    -1500.0;      230.2;  0.0000e+000;     0
   struts;   1;    70.000;   764.000;   364.000;  0.00;   0.00;   0.000;      500.0;    0.000;    -1500.0;      557.2;  0.0000e+000;     0
   struts;   1;    15.000;   320.000;   572.000;  0.00;   0.00;   0.000;      500.0;    0.000;    -1500.0;       29.5;  0.0000e+000;     0
   struts;   1;    26.000;   320.000;   572.000;  0.00;   0.00;   0.000;      500.0;    0.000;    -1500.0;       39.5;  0.0000e+000;     0
   struts;   1;    37.000;   320.000;   572.000;  0.00;   0.00;   0.000;      500.0;    0.000;    -1500.0;       50.6;  0.0000e+000;     0
   struts;   1;    48.000;   320.000;   572.000;  0.00;   0.00;   0.000;      500.0;    0.000;    -1500.0;       84.0;  0.0000e+000;     0
   struts;   1;    59.000;   320.000;   572.000;  0.00;   0.00;   0.000;      500.0;    0.000;    -1500.0;      149.7;  0.0000e+000;     0
   struts;   1;    70.000;   320.000;   572.000;  0.00;   0.00;   0.000;      500.0;    0.000;    -1500.0;      331.5;  0.0000e+000;     0
   struts;   1;    15.000;   764.000;   572.000;  0.00;   0.00;   0.000;      500.0;    0.000;    -1500.0;       67.1;  0.0000e+000;     0
   struts;   1;    26.000;   764.000;   572.000;  0.00;   0.00;   0.000;      500.0;    0.000;    -1500.0;       88.0;  0.0000e+000;     0
   struts;   1;    37.000;   764.000;   572.000;  0.00;   0.00;   0.000;      500.0;    0.000;    -1500.0;      128.8;  0.0000e+000;     0
   struts;   1;    48.000;   764.000;   572.000;  0.00;   0.00;   0.000;      500.0;    0.000;    -1500.0;      202.7;  0.0000e+000;     0
   struts;   1;    59.000;   764.000;   572.000;  0.00;   0.00;   0.000;      500.0;    0.000;    -1500.0;      363.2;  0.0000e+000;     0
   struts;   1;    70.000;   764.000;   572.000;  0.00;   0.00;   0.000;      500.0;    0.000;    -1500.0;      854.7;  0.0000e+000;     0
   struts;   1;    15.000;   320.000;   780.000;  0.00;   0.00;   0.000;      500.0;    0.000;    -1500.0;       44.8;  0.0000e+000;     0
   struts;   1;    26.000;   320.000;   780.000;  0.00;   0.00;   0.000;      500.0;    0.000;    -1500.0;       66.3;  0.0000e+000;     0
   struts;   1;    37.000;   320.000;   780.000;  0.00;   0.00;   0.000;      500.0;    0.000;    -1500.0;       91.6;  0.0000e+000;     0
   struts;   1;    48.000;   320.000;   780.000;  0.00;   0.00;   0.000;      500.0;    0.000;    -1500.0;      121.1;  0.0000e+000;     0
   struts;   1;    59.000;   320.000;   780.000;  0.00;   0.00;   0.000;      500.0;    0.000;    -1500.0;      220.6;  0.0000e+000;     0
   struts;   1;    70.000;   320.000;   780.000;  0.00;   0.00;   0.000;      500.0;    0.000;    -1500.0;      483.6;  0.0000e+000;     0
   struts;   1;    15.000;   764.000;   780.000;  0.00;   0.00;   0.000;      500.0;    0.000;    -1500.0;       93.7;  0.0000e+000;     0
   struts;   1;    26.000;   764.000;   780.000;  0.00;   0.00;   0.000;      500.0;    0.000;    -1500.0;      123.1;  0.0000e+000;     0
   struts;   1;    37.000;   764.000;   780.000;  0.00;   0.00;   0.000;      500.0;    0.000;    -1500.0;      183.4;  0.0000e+000;     0
   struts;   1;    48.000;   764.000;   780.000;  0.00;   0.00;   0.000;      500.0;    0.000;    -1500.0;      289.0;  0.0000e+000;     0
   struts;   1;    59.000;   764.000;   780.000;  0.00;   0.00;   0.000;      500.0;    0.000;    -1500.0;      512.1;  0.0000e+000;     0
   struts;   1;    70.000;   764.000;   780.000;  0.00;   0.00;   0.000;      500.0;    0.000;    -1500.0;     1175.7;  0.0000e+000;     0
   struts;   1;    15.000;   320.000;   156.000;  0.00;   0.00;   0.000;        0.0;    0.000;    -1000.0;        5.4;  0.0000e+000;     0
   struts;   1;    26.000;   320.000;   156.000;  0.00;   0.00;   0.000;        0.0;    0.000;    -1000.0;        7.2;  0.0000e+000;     0
   struts;   1;    37.000;   320.000;   156.000;  0.00;   0.00;   0.000;        0.0;    0.000;    -1000.0;       10.2;  0.0000e+000;     0
   struts;   1;    48.000;   320.000;   156.000;  0.00;   0.00;   0.000;        0.0;    0.000;    -1000.0;       15.5;  0.0000e+000;     0
   struts;   1;    59.000;   320.000;   156.000;  0.00;   0.00;   0.000;        0.0;    0.000;    -1000.0;       27.3;  0.0000e+000;     0
   struts;   1;    70.000;   320.000;   156.000;  0.00;   0.00;   0.000;        0.0;    0.000;    -1000.0;       63.6;  0.0000e+000;     0
   struts;   1;    15.000;   764.000;   156.000;  0.00;   0.00;   0.000;        0.0;    0.000;    -1000.0;       16.4;  0.0000e+000;     0
   struts;   1;    26.000;   764.000;   156.000;  0.00;   0.00;   0.000;        0.0;    0.000;    -1000.0;       21.1;  0.0000e+000;     0
   struts;   1;    37.000;   764.000;   156.000;  0.00;   0.00;   0.000;        0.0;    0.000;    -1000.0;       29.3;  0.0000e+000;     0
   struts;   1;    48.000;   764.000;   156.000;  0.00;   0.00;   0.000;        0.0;    0.000;    -1000.0;       45.4;  0.0000e+000;     0
   struts;   1;    59.000;   764.000;   156.000;  0.00;   0.00;   0.000;        0.0;    0.000;    -1000.0;       82.7;  0.0000e+000;     0
   struts;   1;    70.000;   764.000;   156.000;  0.00;   0.00;   0.000;        0.0;    0.000;    -1000.0;      203.6;  0.0000e+000;     0
   struts;   1;    15.000;   320.000;   364.000;  0.00;   0.00;   0.000;        0.0;    0.000;    -1000.0;       13.3;  0.0000e+000;     0
   struts;   1;    26.000;   320.000;   364.000;  0.00;   0.00;   0.000;        0.0;    0.000;    -1000.0;       16.3;  0.0000e+000;     0
   struts;   1;    37.000;   320.000;   364.000;  0.00;   0.00;   0.000;        0.0;    0.000;    -1000.0;       24.1;  0.0000e+000;     0
   struts;   1;    48.000;   320.000;   364.000;  0.00;   0.00;   0.000;        0.0;    0.000;    -1000.0;       37.5;  0.0000e+000;     0
   struts;   1;    59.000;   320.000;   364.000;  0.00;   0.00;   0.000;        0.0;    0.000;    -1000.0;       65.0;  0.0000e+000;     0
   struts;   1;    70.000;   320.000;   364.000;  0.00;   0.00;   0.000;        0.0;    0.000;    -1000.0;      145.2;  0.0000e+000;     0
   struts;   1;    15.000;   764.000;   364.000;  0.00;   0.00;   0.000;        0.0;    0.000;    -1000.0;       32.6;  0.0000e+000;     0
   struts;   1;    26.000;   764.000;   364.000;  0.00;   0.00;   0.000;        0.0;    0.000;    -1000.0;       43.1;  0.0000e+000;     0
   struts;   1;    37.000;   764.000;   364.000;  0.00;   0.00;   0.000;        0.0;    0.000;    -1000.0;       61.1;  0.0000e+000;     0
   struts;   1;    48.000;   764.000;   364.000;  0.00;   0.00;   0.000;        0.0;    0.000;    -1000.0;       94.9;  0.0000e+000;     0
   struts;   1;    59.000;   764.000;   364.000;  0.00;   0.00;   0.000;        0.0;    0.000;    -1000.0;      170.8;  0.0000e+000;     0
   struts;   1;    70.000;   764.000;   364.000;  0.00;   0.00;   0.000;        0.0;    0.000;    -1000.0;      410.8;  0.0000e+000;     0
   struts;   1;    15.000;   320.000;   572.000;  0.00;   0.00;   0.000;        0.0;    0.000;    -1000.0;       24.3;  0.0000e+000;     0
   struts;   1;    26.000;   320.000;   572.000;  0.00;   0.00;   0.000;        0.0;    0.000;    -1000.0;       31.3;  0.0000e+000;     0
   struts;   1;    37.000;   320.000;   572.000;  0.00;   0.00;   0.000;        0.0;    0.000;    -1000.0;       40.0;  0.0000e+000;     0
   struts;   1;    48.000;   320.000;   572.000;  0.00;   0.00;   0.000;        0.0;    0.000;    -1000.0;       64.1;  0.0000e+000;     0
   struts;   1;    59.000;   320.000;   572.000;  0.00;   0.00;   0.000;        0.0;    0.000;    -1000.0;      111.5;  0.0000e+000;     0
   struts;   1;    70.000;   320.000;   572.000;  0.00;   0.00;   0.000;        0.0;    0.000;    -1000.0;      242.4;  0.0000e+000;     0
   struts;   1;    15.000;   764.000;   572.000;  0.00;   0.00;   0.000;        0.0;    0.000;    -1000.0;       52.5;  0.0000e+000;     0
   struts;   1;    26.000;   764.000;   572.000;  0.00;   0.00;   0.000;        0.0;    0.000;    -1000.0;       67.9;  0.0000e+000;     0
   struts;   1;    37.000;   764.000;   572.000;  0.00;   0.00;   0.000;        0.0;    0.000;    -1000.0;       97.5;  0.0000e+000;     0
   struts;   1;    48.000;   764.000;   572.000;  0.00;   0.00;   0.000;        0.0;    0.000;    -1000.0;      151.1;  0.0000e+000;     0
   struts;   1;    59.000;   764.000;   572.000;  0.00;   0.00;   0.000;        0.0;    0.000;    -1000.0;      267.9;  0.0000e+000;     0
   struts;   1;    70.000;   764.000;   572.000;  0.00;   0.00;   0.000;        0.0;    0.000;    -1000.0;      626.4;  0.0000e+000;     0
   struts;   1;    15.000;   320.000;   780.000;  0.00;   0.00;   0.000;        0.0;    0.000;    -1000.0;       36.8;  0.0000e+000;     0
   struts;   1;    26.000;   320.000;   780.000;  0.00;   0.00;   0.000;        0.0;    0.000;    -1000.0;       51.7;  0.0000e+000;     0
   struts;   1;    37.000;   320.000;   780.000;  0.00;   0.00;   0.000;        0.0;    0.000;    -1000.0;       70.1;  0.0000e+000;     0
   struts;   1;    48.000;   320.000;   780.000;  0.00;   0.00;   0.000;        0.0;    0.000;    -1000.0;       93.2;  0.0000e+000;     0
   struts;   1;    59.000;   320.000;   780.000;  0.00;   0.00;   0.000;        0.0;    0.000;    -1000.0;      165.0;  0.0000e+000;     0
   struts;   1;    70.000;   320.000;   780.000;  0.00;   0.00;   0.000;        0.0;    0.000;    -1000.0;      354.7;  0.0000e+000;     0
   struts;   1;    15.000;   764.000;   780.000;  0.00;   0.00;   0.000;        0.0;    0.000;    -1000.0;       73.7;  0.0000e+000;     0
   struts;   1;    26.000;   764.000;   780.000;  0.00;   0.00;   0.000;        0.0;    0.000;    -1000.0;       95.8;  0.0000e+000;     0
   struts;   1;    37.000;   764.000;   780.000;  0.00;   0.00;   0.000;        0.0;    0.000;    -1000.0;      139.2;  0.0000e+000;     0
   struts;   1;    48.000;   764.000;   780.000;  0.00;   0.00;   0.000;        0.0;    0.000;    -1000.0;      215.4;  0.0000e+000;     0
   struts;   1;    59.000;   764.000;   780.000;  0.00;   0.00;   0.000;        0.0;    0.000;    -1000.0;      376.9;  0.0000e+000;     0
   struts;   1;    70.000;   764.000;   780.000;  0.00;   0.00;   0.000;        0.0;    0.000;    -1000.0;      859.1;  0.0000e+000;     0
   struts;   1;    15.000;   320.000;   156.000;  0.00;   0.00;   0.000;      500.0;    0.000;    -1000.0;        5.4;  0.0000e+000;     0
   struts;   1;    26.000;   320.000;   156.000;  0.00;   0.00;   0.000;      500.0;    0.000;    -1000.0;        7.2;  0.0000e+000;     0
   struts;   1;    37.000;   320.000;   156.000;  0.00;   0.00;   0.000;      500.0;    0.000;    -1000.0;       10.2;  0.0000e+000;     0
   struts;   1;    48.000;   320.000;   156.000;  0.00;   0.00;   0.000;      500.0;    0.000;    -1000.0;       15.5;  0.0000e+000;     0
   struts;   1;    59.000;   320.000;   156.000;  0.00;   0.00;   0.000;      500.0;    0.000;    -1000.0;       27.3;  0.0000e+000;     0
   struts;   1;    70.000;   320.000;   156.000;  0.00;   0.00;   0.000;      500.0;    0.000;    -1000.0;       63.6;  0.0000e+000;     0
   struts;   1;    15.000;   764.000;   156.000;  0.00;   0.00;   0.000;      500.0;    0.000;    -1000.0;       16.4;  0.0000e+000;     0
   struts;   1;    26.000;   764.000;   156.000;  0.00;   0.00;   0.000;      500.0;    0.000;    -1000.0;       21.1;  0.0000e+000;     0
   struts;   1;    37.000;   764.000;   156.000;  0.00;   0.00;   0.000;      500.0;    0.000;    -1000.0;       29.3;  0.0000e+000;     0
   struts;   1;    48.000;   764.000;   156.000;  0.00;   0.00;   0.000;      500.0;    0.000;    -1000.0;       45.4;  0.0000e+000;     0
   struts;   1;    59.000;   764.000;   156.000;  0.00;   0.00;   0.000;      500.0;    0.000;    -1000.0;       82.7;  0.0000e+000;     0
   struts;   1;    70.000;   764.000;   156.000;  0.00;   0.00;   0.000;      500.0;    0.000;    -1000.0;      203.6;  0.0000e+000;     0
   struts;   1;    15.000;   320.000;   364.000;  0.00;   0.00;   0.000;      500.0;    0.000;    -1000.0;       13.3;  0.0000e+000;     0
   struts;   1;    26.000;   320.000;   364.000;  0.00;   0.00;   0.000;      500.0;    0.000;    -1000.0;       16.3;  0.0000e+000;     0
   struts;   1;    37.000;   320.000;   364.000;  0.00;   0.00;   0.000;      500.0;    0.000;    -1000.0;       24.1;  0.0000e+000;     0
   struts;   1;    48.000;   320.000;   364.000;  0.00;   0.00;   0.000;      500.0;    0.000;    -1000.0;       37.5;  0.0000e+000;     0
   struts;   1;    59.000;   320.000;   364.000;  0.00;   0.00;   0.000;      500.0;    0.000;    -1000.0;       65.0;  0.0000e+000;     0
   struts;   1;    70.000;   320.000;   364.000;  0.00;   0.00;   0.000;      500.0;    0.000;    -1000.0;      145.2;  0.0000e+000;     0
   struts;   1;    15.000;   764.000;   364.000;  0.00;   0.00;   0.000;      500.0;    0.000;    -1000.0;       32.6;  0.0000e+000;     0
   struts;   1;    26.000;   764.000;   364.000;  0.00;   0.00;   0.000;      500.0;    0.000;    -1000.0;       43.1;  0.0000e+000;     0
   struts;   1;    37.000;   764.000;   364.000;  0.00;   0.00;   0.000;      500.0;    0.000;    -1000.0;       61.1;  0.0000e+000;     0
   struts;   1;    48.000;   764.000;   364.000;  0.00;   0.00;   0.000;      500.0;    0.000;    -1000.0;       94.9;  0.0000e+000;     0
   struts;   1;    59.000;   764.000;   364.000;  0.00;   0.00;   0.000;      500.0;    0.000;    -1000.0;      170.8;  0.0000e+000;     0
   struts;   1;    70.000;   764.000;   364.000;  0.00;   0.00;   0.000;      500.0;    0.000;    -1000.0;      410.8;  0.0000e+000;     0
   struts;   1;    15.000;   320.000;   572.000;  0.00;   0.00;   0.000;      500.0;    0.000;    -1000.0;       24.3;  0.0000e+000;     0
   struts;   1;    26.000;   320.000;   572.000;  0.00;   0.00;   0.000;      500.0;    0.000;    -1000.0;       31.3;  0.0000e+000;     0
   struts;   1;    37.000;   320.000;   572.000;  0.00;   0.00;   0.000;      500.0;    0.000;    -1000.0;       40.0;  0.0000e+000;     0
   struts;   1;    48.000;   320.000;   572.000;  0.00;   0.00;   0.000;      500.0;    0.000;    -1000.0;       64.1;  0.0000e+000;     0
   struts;   1;    59.000;   320.000;   572.000;  0.00;   0.00;   0.000;      500.0;    0.000;    -1000.0;      111.5;  0.0000e+000;     0
   struts;   1;    70.000;   320.000;   572.000;  0.00;   0.00;   0.000;      500.0;    0.000;    -1000.0;      242.4;  0.0000e+000;     0
   struts;   1;    15.000;   764.000;   572.000;  0.00;   0.00;   0.000;      500.0;    0.000;    -1000.0;       52.5;  0.0000e+000;     0
   struts;   1;    26.000;   764.000;   572.000;  0.00;   0.00;   0.000;      500.0;    0.000;    -1000.0;       67.9;  0.0000e+000;     0
   struts;   1;    37.000;   764.000;   572.000;  0.00;   0.00;   0.000;      500.0;    0.000;    -1000.0;       97.5;  0.0000e+000;     0
   struts;   1;    48.000;   764.000;   572.000;  0.00;   0.00;   0.000;      500.0;    0.000;    -1000.0;      151.1;  0.0000e+000;     0
   struts;   1;    59.000;   764.000;   572.000;  0.00;   0.00;   0.000;      500.0;    0.000;    -1000.0;      267.9;  0.0000e+000;     0
   struts;   1;    70.000;   764.000;   572.000;  0.00;   0.00;   0.000;      500.0;    0.000;    -1000.0;      626.4;  0.0000e+000;     0
   struts;   1;    15.000;   320.000;   780.000;  0.00;   0.00;   0.000;      500.0;    0.000;    -1000.0;       36.8;  0.0000e+000;     0
   struts;   1;    26.000;   320.000;   780.000;  0.00;   0.00;   0.000;      500.0;    0.000;    -1000.0;       51.7;  0.0000e+000;     0
   struts;   1;    37.000;   320.000;   780.000;  0.00;   0.00;   0.000;      500.0;    0.000;    -1000.0;       70.1;  0.0000e+000;     0
   struts;   1;    48.000;   320.000;   780.000;  0.00;   0.00;   0.000;      500.0;    0.000;    -1000.0;       93.2;  0.0000e+000;     0
   struts;   1;    59.000;   320.000;   780.000;  0.00;   0.00;   0.000;      500.0;    0.000;    -1000.0;      165.0;  0.0000e+000;     0
   struts;   1;    70.000;   320.000;   780.000;  0.00;   0.00;   0.000;      500.0;    0.000;    -1000.0;      354.7;  0.0000e+000;     0
   struts;   1;    15.000;   764.000;   780.000;  0.00;   0.00;   0.000;      500.0;    0.000;    -1000.0;       73.7;  0.0000e+000;     0
   struts;   1;    26.000;   764.000;   780.000;  0.00;   0.00;   0.000;      500.0;    0.000;    -1000.0;       95.8;  0.0000e+000;     0
   struts;   1;    37.000;   764.000;   780.000;  0.00;   0.00;   0.000;      500.0;    0.000;    -1000.0;      139.2;  0.0000e+000;     0
   struts;   1;    48.000;   764.000;   780.000;  0.00;   0.00;   0.000;      500.0;    0.000;    -1000.0;      215.4;  0.0000e+000;     0
   struts;   1;    59.000;   764.000;   780.000;  0.00;   0.00;   0.000;      500.0;    0.000;    -1000.0;      376.9;  0.0000e+000;     0
   struts;   1;    70.000;   764.000;   780.000;  0.00;   0.00;   0.000;      500.0;    0.000;    -1000.0;      859.1;  0.0000e+000;     0
   struts;   1;    15.000;   320.000;   156.000;  0.00;   0.00;   0.000;        0.0;    0.000;     -500.0;        4.0;  0.0000e+000;     0
   struts;   1;    26.000;   320.000;   156.000;  0.00;   0.00;   0.000;        0.0;    0.000;     -500.0;        5.1;  0.0000e+000;     0
   struts;   1;    37.000;   320.000;   156.000;  0.00;   0.00;   0.000;        0.0;    0.000;     -500.0;        6.9;  0.0000e+000;     0
   struts;   1;    48.000;   320.000;   156.000;  0.00;   0.00;   0.000;        0.0;    0.000;     -500.0;       10.2;  0.0000e+000;     0
   struts;   1;    59.000;   320.000;   156.000;  0.00;   0.00;   0.000;        0.0;    0.000;     -500.0;       17.3;  0.0000e+000;     0
   struts;   1;    70.000;   320.000;   156.000;  0.00;   0.00;   0.000;        0.0;    0.000;     -500.0;       39.1;  0.0000e+000;     0
   struts;   1;    15.000;   764.000;   156.000;  0.00;   0.00;   0.000;        0.0;    0.000;     -500.0;       11.0;  0.0000e+000;     0
   struts;   1;    26.000;   764.000;   156.000;  0.00;   0.00;   0.000;        0.0;    0.000;     -500.0;       14.0;  0.0000e+000;     0
   struts;   1;    37.000;   764.000;   156.000;  0.00;   0.00;   0.000;        0.0;    0.000;     -500.0;       19.2;  0.0000e+000;     0
   struts;   1;    48.000;   764.000;   156.000;  0.00;   0.00;   0.000;        0.0;    0.000;     -500.0;       29.2;  0.0000e+000;     0
   struts;   1;    59.000;   764.000;   156.000;  0.00;   0.00;   0.000;        0.0;    0.000;     -500.0;       52.0;  0.0000e+000;     0
   struts;   1;    70.000;   764.000;   156.000;  0.00;   0.00;   0.000;        0.0;    0.000;     -500.0;      125.5;  0.0000e+000;     0
   struts;   1;    15.000;   320.000;   364.000;  0.00;   0.00;   0.000;        0.0;    0.000;     -500.0;       10.0;  0.0000e+000;     0
   struts;   1;    26.000;   320.000;   364.000;  0.00;   0.00;   0.000;        0.0;    0.000;     -500.0;       11.7;  0.0000e+000;     0
   struts;   1;    37.000;   320.000;   364.000;  0.00;   0.00;   0.000;        0.0;    0.000;     -500.0;       16.2;  0.0000e+000;     0
   struts;   1;    48.000;   320.000;   364.000;  0.00;   0.00;   0.000;        0.0;    0.000;     -500.0;       24.0;  0.0000e+000;     0
   struts;   1;    59.000;   320.000;   364.000;  0.00;   0.00;   0.000;        0.0;    0.000;     -500.0;       40.0;  0.0000e+000;     0
   struts;   1;    70.000;   320.000;   364.000;  0.00;   0.00;   0.000;        0.0;    0.000;     -500.0;       86.6;  0.0000e+000;     0
   struts;   1;    15.000;   764.000;   364.000;  0.00;   0.00;   0.000;        0.0;    0.000;     -500.0;       21.8;  0.0000e+000;     0
   struts;   1;    26.000;   764.000;   364.000;  0.00;   0.00;   0.000;        0.0;    0.000;     -500.0;       28.1;  0.0000e+000;     0
   struts;   1;    37.000;   764.000;   364.000;  0.00;   0.00;   0.000;        0.0;    0.000;     -500.0;       38.9;  0.0000e+000;     0
   struts;   1;    48.000;   764.000;   364.000;  0.00;   0.00;   0.000;        0.0;    0.000;     -500.0;       59.0;  0.0000e+000;     0
   struts;   1;    59.000;   764.000;   364.000;  0.00;   0.00;   0.000;        0.0;    0.000;     -500.0;      104.2;  0.0000e+000;     0
   struts;   1;    70.000;   764.000;   364.000;  0.00;   0.00;   0.000;        0.0;    0.000;     -500.0;      247.1;  0.0000e+000;     0
   struts;   1;    15.000;   320.000;   572.000;  0.00;   0.00;   0.000;        0.0;    0.000;     -500.0;       18.1;  0.0000e+000;     0
   struts;   1;    26.000;   320.000;   572.000;  0.00;   0.00;   0.000;        0.0;    0.000;     -500.0;       22.2;  0.0000e+000;     0
   struts;   1;    37.000;   320.000;   572.000;  0.00;   0.00;   0.000;        0.0;    0.000;     -500.0;       27.7;  0.0000e+000;     0
   struts;   1;    48.000;   320.000;   572.000;  0.00;   0.00;   0.000;        0.0;    0.000;     -500.0;       41.4;  0.0000e+000;     0
   struts;   1;    59.000;   320.000;   572.000;  0.00;   0.00;   0.000;        0.0;    0.000;     -500.0;       68.5;  0.0000e+000;     0
   struts;   1;    70.000;   320.000;   572.000;  0.00;   0.00;   0.000;        0.0;    0.000;     -500.0;      143.5;  0.0000e+000;     0
   struts;   1;    15.000;   764.000;   572.000;  0.00;   0.00;   0.000;        0.0;    0.000;     -500.0;       34.9;  0.0000e+000;     0
   struts;   1;    26.000;   764.000;   572.000;  0.00;   0.00;   0.000;        0.0;    0.000;     -500.0;       44.1;  0.0000e+000;     0
   struts;   1;    37.000;   764.000;   572.000;  0.00;   0.00;   0.000;        0.0;    0.000;     -500.0;       61.5;  0.0000e+000;     0
   struts;   1;    48.000;   764.000;   572.000;  0.00;   0.00;   0.000;        0.0;    0.000;     -500.0;       92.9;  0.0000e+000;     0
   struts;   1;    59.000;   764.000;   572.000;  0.00;   0.00;   0.000;        0.0;    0.000;     -500.0;      161.4;  0.0000e+000;     0
   struts;   1;    70.000;   764.000;   572.000;  0.00;   0.00;   0.000;        0.0;    0.000;     -500.0;      372.7;  0.0000e+000;     0
   struts;   1;    15.000;   320.000;   780.000;  0.00;   0.00;   0.000;        0.0;    0.000;     -500.0;       27.7;  0.0000e+000;     0
   struts;   1;    26.000;   320.000;   780.000;  0.00;   0.00;   0.000;        0.0;    0.000;     -500.0;       35.9;  0.0000e+000;     0
   struts;   1;    37.000;   320.000;   780.000;  0.00;   0.00;   0.000;        0.0;    0.000;     -500.0;       46.7;  0.0000e+000;     0
   struts;   1;    48.000;   320.000;   780.000;  0.00;   0.00;   0.000;        0.0;    0.000;     -500.0;       62.2;  0.0000e+000;     0
   struts;   1;    59.000;   320.000;   780.000;  0.00;   0.00;   0.000;        0.0;    0.000;     -500.0;      102.7;  0.0000e+000;     0
   struts;   1;    70.000;   320.000;   780.000;  0.00;   0.00;   0.000;        0.0;    0.000;     -500.0;      210.5;  0.0000e+000;     0
   struts;   1;    15.000;   764.000;   780.000;  0.00;   0.00;   0.000;        0.0;    0.000;     -500.0;       49.5;  0.0000e+000;     0
   struts;   1;    26.000;   764.000;   780.000;  0.00;   0.00;   0.000;        0.0;    0.000;     -500.0;       62.8;  0.0000e+000;     0
   struts;   1;    37.000;   764.000;   780.000;  0.00;   0.00;   0.000;        0.0;    0.000;     -500.0;       87.8;  0.0000e+000;     0
   struts;   1;    48.000;   764.000;   780.000;  0.00;   0.00;   0.000;        0.0;    0.000;     -500.0;      132.0;  0.0000e+000;     0
   struts;   1;    59.000;   764.000;   780.000;  0.00;   0.00;   0.000;        0.0;    0.000;     -500.0;      225.9;  0.0000e+000;     0
   struts;   1;    70.000;   764.000;   780.000;  0.00;   0.00;   0.000;        0.0;    0.000;     -500.0;      507.9;  0.0000e+000;     0
   struts;   1;    15.000;   320.000;   156.000;  0.00;   0.00;   0.000;      500.0;    0.000;     -500.0;        4.0;  0.0000e+000;     0
   struts;   1;    26.000;   320.000;   156.000;  0.00;   0.00;   0.000;      500.0;    0.000;     -500.0;        5.1;  0.0000e+000;     0
   struts;   1;    37.000;   320.000;   156.000;  0.00;   0.00;   0.000;      500.0;    0.000;     -500.0;        6.9;  0.0000e+000;     0
   struts;   1;    48.000;   320.000;   156.000;  0.00;   0.00;   0.000;      500.0;    0.000;     -500.0;       10.2;  0.0000e+000;     0
   struts;   1;    59.000;   320.000;   156.000;  0.00;   0.00;   0.000;      500.0;    0.000;     -500.0;       17.3;  0.0000e+000;     0
   struts;   1;    70.000;   320.000;   156.000;  0.00;   0.00;   0.000;      500.0;    0.000;     -500.0;       39.1;  0.0000e+000;     0
   struts;   1;    15.000;   764.000;   156.000;  0.00;   0.00;   0.000;      500.0;    0.000;     -500.0;       11.0;  0.0000e+000;     0
   struts;   1;    26.000;   764.000;   156.000;  0.00;   0.00;   0.000;      500.0;    0.000;     -500.0;       14.0;  0.0000e+000;     0
   struts;   1;    37.000;   764.000;   156.000;  0.00;   0.00;   0.000;      500.0;    0.000;     -500.0;       19.2;  0.0000e+000;     0
   struts;   1;    48.000;   764.000;   156.000;  0.00;   0.00;   0.000;      500.0;    0.000;     -500.0;       29.2;  0.0000e+000;     0
   struts;   1;    59.000;   764.000;   156.000;  0.00;   0.00;   0.000;      500.0;    0.000;     -500.0;       52.0;  0.0000e+000;     0
   struts;   1;    70.000;   764.000;   156.000;  0.00;   0.00;   0.000;      500.0;    0.000;     -500.0;      125.5;  0.0000e+000;     0
   struts;   1;    15.000;   320.000;   364.000;  0.00;   0.00;   0.000;      500.0;    0.000;     -500.0;       10.0;  0.0000e+000;     0
   struts;   1;    26.000;   320.000;   364.000;  0.00;   0.00;   0.000;      500.0;    0.000;     -500.0;       11.7;  0.0000e+000;     0
   struts;   1;    37.000;   320.000;   364.000;  0.00;   0.00;   0.000;      500.0;    0.000;     -500.0;       16.2;  0.0000e+000;     0
   struts;   1;    48.000;   320.000;   364.000;  0.00;   0.00;   0.000;      500.0;    0.000;     -500.0;       24.0;  0.0000e+000;     0
   struts;   1;    59.000;   320.000;   364.000;  0.00;   0.00;   0.000;      500.0;    0.000;     -500.0;       40.0;  0.0000e+000;     0
   struts;   1;    70.000;   320.000;   364.000;  0.00;   0.00;   0.000;      500.0;    0.000;     -500.0;       86.6;  0.0000e+000;     0
   struts;   1;    15.000;   764.000;   364.000;  0.00;   0.00;   0.000;      500.0;    0.000;     -500.0;       21.8;  0.0000e+000;     0
   struts;   1;    26.000;   764.000;   364.000;  0.00;   0.00;   0.000;      500.0;    0.000;     -500.0;       28.1;  0.0000e+000;     0
   struts;   1;    37.000;   764.000;   364.000;  0.00;   0.00;   0.000;      500.0;    0.000;     -500.0;       38.9;  0.0000e+000;     0
   struts;   1;    48.000;   764.000;   364.000;  0.00;   0.00;   0.000;      500.0;    0.000;     -500.0;       59.0;  0.0000e+000;     0
   struts;   1;    59.000;   764.000;   364.000;  0.00;   0.00;   0.000;      500.0;    0.000;     -500.0;      104.2;  0.0000e+000;     0
   struts;   1;    70.000;   764.000;   364.000;  0.00;   0.00;   0.000;      500.0;    0.000;     -500.0;      247.1;  0.0000e+000;     0
   struts;   1;    15.000;   320.000;   572.000;  0.00;   0.00;   0.000;      500.0;    0.000;     -500.0;       18.1;  0.0000e+000;     0
   struts;   1;    26.000;   320.000;   572.000;  0.00;   0.00;   0.000;      500.0;    0.000;     -500.0;       22.2;  0.0000e+000;     0
   struts;   1;    37.000;   320.000;   572.000;  0.00;   0.00;   0.000;      500.0;    0.000;     -500.0;       27.7;  0.0000e+000;     0
   struts;   1;    48.000;   320.000;   572.000;  0.00;   0.00;   0.000;      500.0;    0.000;     -500.0;       41.4;  0.0000e+000;     0
   struts;   1;    59.000;   320.000;   572.000;  0.00;   0.00;   0.000;      500.0;    0.000;     -500.0;       68.5;  0.0000e+000;     0
   struts;   1;    70.000;   320.000;   572.000;  0.00;   0.00;   0.000;      500.0;    0.000;     -500.0;      143.5;  0.0000e+000;     0
   struts;   1;    15.000;   764.000;   572.000;  0.00;   0.00;   0.000;      500.0;    0.000;     -500.0;       34.9;  0.0000e+000;     0
   struts;   1;    26.000;   764.000;   572.000;  0.00;   0.00;   0.000;      500.0;    0.000;     -500.0;       44.1;  0.0000e+000;     0
   struts;   1;    37.000;   764.000;   572.000;  0.00;   0.00;   0.000;      500.0;    0.000;     -500.0;       61.5;  0.0000e+000;     0
   struts;   1;    48.000;   764.000;   572.000;  0.00;   0.00;   0.000;      500.0;    0.000;     -500.0;       92.9;  0.0000e+000;     0
   struts;   1;    59.000;   764.000;   572.000;  0.00;   0.00;   0.000;      500.0;    0.000;     -500.0;      161.4;  0.0000e+000;     0
   struts;   1;    70.000;   764.000;   572.000;  0.00;   0.00;   0.000;      500.0;    0.000;     -500.0;      372.7;  0.0000e+000;     0
   struts;   1;    15.000;   320.000;   780.000;  0.00;   0.00;   0.000;      500.0;    0.000;     -500.0;       27.7;  0.0000e+000;     0
   struts;   1;    26.000;   320.000;   780.000;  0.00;   0.00;   0.000;      500.0;    0.000;     -500.0;       35.9;  0.0000e+000;     0
   struts;   1;    37.000;   320.000;   780.000;  0.00;   0.00;   0.000;      500.0;    0.000;     -500.0;       46.7;  0.0000e+000;     0
   struts;   1;    48.000;   320.000;   780.000;  0.00;   0.00;   0.000;      500.0;    0.000;     -500.0;       62.2;  0.0000e+000;     0
   struts;   1;    59.000;   320.000;   780.000;  0.00;   0.00;   0.000;      500.0;    0.000;     -500.0;      102.7;  0.0000e+000;     0
   struts;   1;    70.000;   320.000;   780.000;  0.00;   0.00;   0.000;      500.0;    0.000;     -500.0;      210.5;  0.0000e+000;     0
   struts;   1;    15.000;   764.000;   780.000;  0.00;   0.00;   0.000;      500.0;    0.000;     -500.0;       49.5;  0.0000e+000;     0
   struts;   1;    26.000;   764.000;   780.000;  0.00;   0.00;   0.000;      500.0;    0.000;     -500.0;       62.8;  0.0000e+000;     0
   struts;   1;    37.000;   764.000;   780.000;  0.00;   0.00;   0.000;      500.0;    0.000;     -500.0;       87.8;  0.0000e+000;     0
   struts;   1;    48.000;   764.000;   780.000;  0.00;   0.00;   0.000;      500.0;    0.000;     -500.0;      132.0;  0.0000e+000;     0
   struts;   1;    59.000;   764.000;   780.000;  0.00;   0.00;   0.000;      500.0;    0.000;     -500.0;      225.9;  0.0000e+000;     0
   struts;   1;    70.000;   764.000;   780.000;  0.00;   0.00;   0.000;      500.0;    0.000;     -500.0;      507.9;  0.0000e+000;     0
   struts;   1;    15.000;   320.000;   156.000;  0.00;   0.00;   0.000;        0.0;    0.000;        0.0;        1.6;  0.0000e+000;     0
   struts;   1;    26.000;   320.000;   156.000;  0.00;   0.00;   0.000;        0.0;    0.000;        0.0;        1.9;  0.0000e+000;     0
   struts;   1;    37.000;   320.000;   156.000;  0.00;   0.00;   0.000;        0.0;    0.000;        0.0;        2.2;  0.0000e+000;     0
   struts;   1;    48.000;   320.000;   156.000;  0.00;   0.00;   0.000;        0.0;    0.000;        0.0;        2.7;  0.0000e+000;     0
   struts;   1;    59.000;   320.000;   156.000;  0.00;   0.00;   0.000;        0.0;    0.000;        0.0;        3.4;  0.0000e+000;     0
   struts;   1;    70.000;   320.000;   156.000;  0.00;   0.00;   0.000;        0.0;    0.000;        0.0;        4.8;  0.0000e+000;     0
   struts;   1;    15.000;   764.000;   156.000;  0.00;   0.00;   0.000;        0.0;    0.000;        0.0;        2.3;  0.0000e+000;     0
   struts;   1;    26.000;   764.000;   156.000;  0.00;   0.00;   0.000;        0.0;    0.000;        0.0;        2.9;  0.0000e+000;     0
   struts;   1;    37.000;   764.000;   156.000;  0.00;   0.00;   0.000;        0.0;    0.000;        0.0;        3.7;  0.0000e+000;     0
   struts;   1;    48.000;   764.000;   156.000;  0.00;   0.00;   0.000;        0.0;    0.000;        0.0;        4.8;  0.0000e+000;     0
   struts;   1;    59.000;   764.000;   156.000;  0.00;   0.00;   0.000;        0.0;    0.000;        0.0;        6.5;  0.0000e+000;     0
   struts;   1;    70.000;   764.000;   156.000;  0.00;   0.00;   0.000;        0.0;    0.000;        0.0;        9.9;  0.0000e+000;     0
   struts;   1;    15.000;   320.000;   364.000;  0.00;   0.00;   0.000;        0.0;    0.000;        0.0;        3.2;  0.0000e+000;     0
   struts;   1;    26.000;   320.000;   364.000;  0.00;   0.00;   0.000;        0.0;    0.000;        0.0;        3.5;  0.0000e+000;     0
   struts;   1;    37.000;   320.000;   364.000;  0.00;   0.00;   0.000;        0.0;    0.000;        0.0;        3.8;  0.0000e+000;     0
   struts;   1;    48.000;   320.000;   364.000;  0.00;   0.00;   0.000;        0.0;    0.000;        0.0;        4.3;  0.0000e+000;     0
   struts;   1;    59.000;   320.000;   364.000;  0.00;   0.00;   0.000;        0.0;    0.000;        0.0;        5.0;  0.0000e+000;     0
   struts;   1;    70.000;   320.000;   364.000;  0.00;   0.00;   0.000;        0.0;    0.000;        0.0;        6.4;  0.0000e+000;     0
   struts;   1;    15.000;   764.000;   364.000;  0.00;   0.00;   0.000;        0.0;    0.000;        0.0;        3.8;  0.0000e+000;     0
   struts;   1;    26.000;   764.000;   364.000;  0.00;   0.00;   0.000;        0.0;    0.000;        0.0;        4.5;  0.0000e+000;     0
   struts;   1;    37.000;   764.000;   364.000;  0.00;   0.00;   0.000;        0.0;    0.000;        0.0;        5.3;  0.0000e+000;     0
   struts;   1;    48.000;   764.000;   364.000;  0.00;   0.00;   0.000;        0.0;    0.000;        0.0;        6.4;  0.0000e+000;     0
   struts;   1;    59.000;   764.000;   364.000;  0.00;   0.00;   0.000;        0.0;    0.000;        0.0;        8.1;  0.0000e+000;     0
   struts;   1;    70.000;   764.000;   364.000;  0.00;   0.00;   0.000;        0.0;    0.000;        0.0;       11.5;  0.0000e+000;     0
   struts;   1;    15.000;   320.000;   572.000;  0.00;   0.00;   0.000;        0.0;    0.000;        0.0;        4.8;  0.0000e+000;     0
   struts;   1;    26.000;   320.000;   572.000;  0.00;   0.00;   0.000;        0.0;    0.000;        0.0;        5.1;  0.0000e+000;     0
   struts;   1;    37.000;   320.000;   572.000;  0.00;   0.00;   0.000;        0.0;    0.000;        0.0;        5.4;  0.0000e+000;     0
   struts;   1;    48.000;   320.000;   572.000;  0.00;   0.00;   0.000;        0.0;    0.000;        0.0;        5.9;  0.0000e+000;     0
   struts;   1;    59.000;   320.000;   572.000;  0.00;   0.00;   0.000;        0.0;    0.000;        0.0;        6.6;  0.0000e+000;     0
   struts;   1;    70.000;   320.000;   572.000;  0.00;   0.00;   0.000;        0.0;    0.000;        0.0;        8.0;  0.0000e+000;     0
   struts;   1;    15.000;   764.000;   572.000;  0.00;   0.00;   0.000;        0.0;    0.000;        0.0;        5.4;  0.0000e+000;     0
   struts;   1;    26.000;   764.000;   572.000;  0.00;   0.00;   0.000;        0.0;    0.000;        0.0;        6.1;  0.0000e+000;     0
   struts;   1;    37.000;   764.000;   572.000;  0.00;   0.00;   0.000;        0.0;    0.000;        0.0;        6.9;  0.0000e+000;     0
   struts;   1;    48.000;   764.000;   572.000;  0.00;   0.00;   0.000;        0.0;    0.000;        0.0;        8.0;  0.0000e+000;     0
   struts;   1;    59.000;   764.000;   572.000;  0.00;   0.00;   0.000;        0.0;    0.000;        0.0;        9.7;  0.0000e+000;     0
   struts;   1;    70.000;   764.000;   572.000;  0.00;   0.00;   0.000;        0.0;    0.000;        0.0;       13.1;  0.0000e+000;     0
   struts;   1;    15.000;   320.000;   780.000;  0.00;   0.00;   0.000;        0.0;    0.000;        0.0;        6.4;  0.0000e+000;     0
   struts;   1;    26.000;   320.000;   780.000;  0.00;   0.00;   0.000;        0.0;    0.000;        0.0;        6.7;  0.0000e+000;     0
   struts;   1;    37.000;   320.000;   780.000;  0.00;   0.00;   0.000;        0.0;    0.000;        0.0;        7.0;  0.0000e+000;     0
   struts;   1;    48.000;   320.000;   780.000;  0.00;   0.00;   0.000;        0.0;    0.000;        0.0;        7.5;  0.0000e+000;     0
   struts;   1;    59.000;   320.000;   780.000;  0.00;   0.00;   0.000;        0.0;    0.000;        0.0;        8.2;  0.0000e+000;     0
   struts;   1;    70.000;   320.000;   780.000;  0.00;   0.00;   0.000;        0.0;    0.000;        0.0;        9.6;  0.0000e+000;     0
   struts;   1;    15.000;   764.000;   780.000;  0.00;   0.00;   0.000;        0.0;    0.000;        0.0;        7.0;  0.0000e+000;     0
   struts;   1;    26.000;   764.000;   780.000;  0.00;   0.00;   0.000;        0.0;    0.000;        0.0;        7.7;  0.0000e+000;     0
   struts;   1;    37.000;   764.000;   780.000;  0.00;   0.00;   0.000;        0.0;    0.000;        0.0;        8.5;  0.0000e+000;     0
   struts;   1;    48.000;   764.000;   780.000;  0.00;   0.00;   0.000;        0.0;    0.000;        0.0;        9.6;  0.0000e+000;     0
   struts;   1;    59.000;   764.000;   780.000;  0.00;   0.00;   0.000;        0.0;    0.000;        0.0;       11.3;  0.0000e+000;     0
   struts;   1;    70.000;   764.000;   780.000;  0.00;   0.00;   0.000;        0.0;    0.000;        0.0;       14.7;  0.0000e+000;     0
   struts;   1;    15.000;   320.000;   156.000;  0.00;   0.00;   0.000;      500.0;    0.000;        0.0;        2.4;  0.0000e+000;     0
   struts;   1;    26.000;   320.000;   156.000;  0.00;   0.00;   0.000;      500.0;    0.000;        0.0;        3.2;  0.0000e+000;     0
   struts;   1;    37.000;   320.000;   156.000;  0.00;   0.00;   0.000;      500.0;    0.000;        0.0;        4.4;  0.0000e+000;     0
   struts;   1;    48.000;   320.000;   156.000;  0.00;   0.00;   0.000;      500.0;    0.000;        0.0;        6.3;  0.0000e+000;     0
   struts;   1;    59.000;   320.000;   156.000;  0.00;   0.00;   0.000;      500.0;    0.000;        0.0;       10.2;  0.0000e+000;     0
   struts;   1;    70.000;   320.000;   156.000;  0.00;   0.00;   0.000;      500.0;    0.000;        0.0;       20.9;  0.0000e+000;     0
   struts;   1;    15.000;   764.000;   156.000;  0.00;   0.00;   0.000;      500.0;    0.000;        0.0;        4.0;  0.0000e+000;     0
   struts;   1;    26.000;   764.000;   156.000;  0.00;   0.00;   0.000;      500.0;    0.000;        0.0;        5.6;  0.0000e+000;     0
   struts;   1;    37.000;   764.000;   156.000;  0.00;   0.00;   0.000;      500.0;    0.000;        0.0;        8.0;  0.0000e+000;     0
   struts;   1;    48.000;   764.000;   156.000;  0.00;   0.00;   0.000;      500.0;    0.000;        0.0;       12.1;  0.0000e+000;     0
   struts;   1;    59.000;   764.000;   156.000;  0.00;   0.00;   0.000;      500.0;    0.000;        0.0;       20.6;  0.0000e+000;     0
   struts;   1;    70.000;   764.000;   156.000;  0.00;   0.00;   0.000;      500.0;    0.000;        0.0;       44.6;  0.0000e+000;     0
   struts;   1;    15.000;   320.000;   364.000;  0.00;   0.00;   0.000;      500.0;    0.000;        0.0;        6.4;  0.0000e+000;     0
   struts;   1;    26.000;   320.000;   364.000;  0.00;   0.00;   0.000;      500.0;    0.000;        0.0;        6.9;  0.0000e+000;     0
   struts;   1;    37.000;   320.000;   364.000;  0.00;   0.00;   0.000;      500.0;    0.000;        0.0;       10.1;  0.0000e+000;     0
   struts;   1;    48.000;   320.000;   364.000;  0.00;   0.00;   0.000;      500.0;    0.000;        0.0;       15.2;  0.0000e+000;     0
   struts;   1;    59.000;   320.000;   364.000;  0.00;   0.00;   0.000;      500.0;    0.000;        0.0;       25.1;  0.0000e+000;     0
   struts;   1;    70.000;   320.000;   364.000;  0.00;   0.00;   0.000;      500.0;    0.000;        0.0;       51.8;  0.0000e+000;     0
   struts;   1;    15.000;   764.000;   364.000;  0.00;   0.00;   0.000;      500.0;    0.000;        0.0;        8.7;  0.0000e+000;     0
   struts;   1;    26.000;   764.000;   364.000;  0.00;   0.00;   0.000;      500.0;    0.000;        0.0;       12.1;  0.0000e+000;     0
   struts;   1;    37.000;   764.000;   364.000;  0.00;   0.00;   0.000;      500.0;    0.000;        0.0;       17.5;  0.0000e+000;     0
   struts;   1;    48.000;   764.000;   364.000;  0.00;   0.00;   0.000;      500.0;    0.000;        0.0;       27.0;  0.0000e+000;     0
   struts;   1;    59.000;   764.000;   364.000;  0.00;   0.00;   0.000;      500.0;    0.000;        0.0;       46.5;  0.0000e+000;     0
   struts;   1;    70.000;   764.000;   364.000;  0.00;   0.00;   0.000;      500.0;    0.000;        0.0;      101.7;  0.0000e+000;     0
   struts;   1;    15.000;   320.000;   572.000;  0.00;   0.00;   0.000;      500.0;    0.000;        0.0;       12.0;  0.0000e+000;     0
   struts;   1;    26.000;   320.000;   572.000;  0.00;   0.00;   0.000;      500.0;    0.000;        0.0;       13.9;  0.0000e+000;     0
   struts;   1;    37.000;   320.000;   572.000;  0.00;   0.00;   0.000;      500.0;    0.000;        0.0;       15.4;  0.0000e+000;     0
   struts;   1;    48.000;   320.000;   572.000;  0.00;   0.00;   0.000;      500.0;    0.000;        0.0;       25.0;  0.0000e+000;     0
   struts;   1;    59.000;   320.000;   572.000;  0.00;   0.00;   0.000;      500.0;    0.000;        0.0;       43.0;  0.0000e+000;     0
   struts;   1;    70.000;   320.000;   572.000;  0.00;   0.00;   0.000;      500.0;    0.000;        0.0;       89.5;  0.0000e+000;     0
   struts;   1;    15.000;   764.000;   572.000;  0.00;   0.00;   0.000;      500.0;    0.000;        0.0;       14.4;  0.0000e+000;     0
   struts;   1;    26.000;   764.000;   572.000;  0.00;   0.00;   0.000;      500.0;    0.000;        0.0;       19.1;  0.0000e+000;     0
   struts;   1;    37.000;   764.000;   572.000;  0.00;   0.00;   0.000;      500.0;    0.000;        0.0;       28.6;  0.0000e+000;     0
   struts;   1;    48.000;   764.000;   572.000;  0.00;   0.00;   0.000;      500.0;    0.000;        0.0;       44.6;  0.0000e+000;     0
   struts;   1;    59.000;   764.000;   572.000;  0.00;   0.00;   0.000;      500.0;    0.000;        0.0;       77.1;  0.0000e+000;     0
   struts;   1;    70.000;   764.000;   572.000;  0.00;   0.00;   0.000;      500.0;    0.000;        0.0;      167.5;  0.0000e+000;     0
   struts;   1;    15.000;   320.000;   780.000;  0.00;   0.00;   0.000;      500.0;    0.000;        0.0;       18.5;  0.0000e+000;     0
   struts;   1;    26.000;   320.000;   780.000;  0.00;   0.00;   0.000;      500.0;    0.000;        0.0;       23.7;  0.0000e+000;     0
   struts;   1;    37.000;   320.000;   780.000;  0.00;   0.00;   0.000;      500.0;    0.000;        0.0;       29.3;  0.0000e+000;     0
   struts;   1;    48.000;   320.000;   780.000;  0.00;   0.00;   0.000;      500.0;    0.000;        0.0;       34.0;  0.0000e+000;     0
   struts;   1;    59.000;   320.000;   780.000;  0.00;   0.00;   0.000;      500.0;    0.000;        0.0;       62.1;  0.0000e+000;     0
   struts;   1;    70.000;   320.000;   780.000;  0.00;   0.00;   0.000;      500.0;    0.000;        0.0;      132.4;  0.0000e+000;     0
   struts;   1;    15.000;   764.000;   780.000;  0.00;   0.00;   0.000;      500.0;    0.000;        0.0;       21.4;  0.0000e+000;     0
   struts;   1;    26.000;   764.000;   780.000;  0.00;   0.00;   0.000;      500.0;    0.000;        0.0;       25.9;  0.0000e+000;     0
   struts;   1;    37.000;   764.000;   780.000;  0.00;   0.00;   0.000;      500.0;    0.000;        0.0;       40.3;  0.0000e+000;     0
   struts;   1;    48.000;   764.000;   780.000;  0.00;   0.00;   0.000;      500.0;    0.000;        0.0;       64.2;  0.0000e+000;     0
   struts;   1;    59.000;   764.000;   780.000;  0.00;   0.00;   0.000;      500.0;    0.000;        0.0;      111.7;  0.0000e+000;     0
   struts;   1;    70.000;   764.000;   780.000;  0.00;   0.00;   0.000;      500.0;    0.000;        0.0;      241.1;  0.0000e+000;     0